# n
150
# seed
0
# w
20
# H^transpose (each line corresponds to column of H, the identity part is omitted)
110111111001001010011011101110001011010000010011011010110110100001100000011
001111101011000100101100000000001010000001000101000111001001011100000110100
111111001010100111101110001000111011001010110011110100001110000000011001100
110101001000011101111001100011110100100111010100100111110011110101101100100
000010011110101010101000100111000000111001011111100011100101110000000101100
111000101111000011101111110000110011010011011100100001010110011010110001110
110001100001100110010010011101110100101100010000000110000101110001111110001
010001000111000100011101110011011011101110001001101100110110101011001010110
101100100111101110000111000011100011111100001110111101111011010001110001010
001100100111101110101000111111001001000010001011110111110110000101000101010
100111110001001001111111001001110111100000010101100010011110101111100000100
101001101010001101110001100100000100001101001111000111010101110001011011010
100101000000100110011011011101110011000001000000010100111001011010101111101
110101101110010110111001010010001111111100001010110011000001111101111101000
111010010011000101010100010111111101010101111011011011000110000101011011001
100001001010001011111010000100101010100100011111100100001001011001010111111
001101010001001011110011000110100100110000001011000110010011101000100001000
000101110010100110110110101101110101011000101110110011101011011001011101101
110100010011100100000000111101101101101111111000000010100001110111100000010
111001010101101010111110010101001110110010100000001101110000111001110011011
001011110011101111111011010100110011110111010011101001010100010000100000100
100001110101010111100100100010101001011011011101010111010110101110011110001
000101011011001010101010100110000001001111001111111000001101001001100011100
100111000010110110111010001101111001000010011101110010010110101010001001000
010110110011010011100010010110110011010110001011100010111011110110001100010
001011001111110010000100100010000010100101101100000001111111000000010101001
111100101111101111111100101001111110011000010000110000101111010000110101001
010001000111001011111101001111010000110111010000001110100100010010111010000
011110100001000010101001011111001111110001100000100111111110011100010110000
101011111001100101110010111101101110010110101001001100100101110111000001011
111100010111111000001000001010011000000111010001000110101000001001010011101
001111101100100010110001111011100011101010010100000011000010000011110110001
000001101111100110001001101001101001111001010011001100001100110100100001111
000010000000001011110001011111010000001101101101011011010101101110001011011
110110001100111011000111011111001000110101010110100001110011101100001010100
100001001101010001010110110101011111111000110111000100110011111000010011001
011001111000111101110111011111111010111100101010010000000110111100100011111
011100101101010001011000000100000000001100110001100000111110001111100001000
011011000110010110001101110101011010101101001100100110100010100001111100110
101001110011101000100010111111101111110101110010100111111001011000010111011
110011101000010001100010101101101000111001110011111101010100111111001010100
110010110011111001000100100101110000001010001101110110000110111100101000011
010010001111110010011000111110110010000000110000011110100010100001111111111
111111001111001000010010101000000000110011010011001000011101100100011011010
111010110011000110111101010011101101010100011011010000001001111110111010110
110010011011010001100000110000110010000010100101101011011101010010101110010
000011000001110101101001100110000001111001101010101101100011000001010001101
000111001010111101011010000101011001010100110001101100010111100110011111101
010100010101100111000000111010010010010001111000111011010001111101101111001
110010100001010001110011100100000010001111110000000000111101001110101110111
110110110010000011001011101111101010011111001111000011110110110111101010111
101001000111010011001010100001110111110001011000001001110110011110100001000
000000110111000111011010110000010011111011101010110111101000110010011001101
001111110100101010010111101010101011000101001111001111011110100110101101100
010010000011100110111100011110011011000011011100001100001010101000100011000
110011101000110001101001001101000000110100010101101110100111110010011011010
110101000011110101101001000001100000001110010001100000111100101001111110010
110111111001100010101101110110001101100001111101100000011011001000000111011
000011010101101110000011100110001011110000101000011111110010000110111100101
100101010111100110001100010101110001011001100011011100100111100010010010000
111001100111010110001101100010101110001011001101100111101011111010111101101
001000111001111000010011001001000101000000111000000110110001100100010011110
011000101100000010011100101100011110011110011000110000011010101010111010111
100111100010000110001001111111101010111000110011001001100000011011010101010
111010011000010101110000010100011111100011111000111000100101011001101101111
111100110010110101100010010000111001001001110011001111111010111101110111100
111110111011010110010001001110100111101000100110100100010110010001011111101
011100111100000100111010010110001110110111001110100101100000100111100110110
110101001011011011101111110010001000000010001001101000000000011011011010100
011100010010001000111101011110001101010001101100010000010110011100001001110
000011000110000000101101100100110010101101010011011000100111101100010000110
000011101110011101010010100110000100111010110111011111100100011111011001100
000110011110111100010000101111011010001110110100110010110100001011010011111
000000010010110100000111110100110011101110111100101010001000110110111000111
100110010111011000011000110000110111011100111100001001010000001111111011011
# s^transpose
110000100001111110011110000100110100011001111111001010000110110100111000110
