# n
140
# seed
0
# w
19
# H^transpose (each line corresponds to column of H, the identity part is omitted)
1101111110010010100110111011100010110100000100110110101101101000011000
0001100111110101100010010110000000000101000000100010100011100100101110
0000110100111111001010100111101110001000111011001010110011110100001110
0000000110011001101010010000111011110011000111101001001110101001001111
1001111010110110010000001001111010101010100010011100000011100101111110
0011100101110000000101100111000101111000011101111110000110011010011011
1001000010101100110101100011101100011000011001100100100111011101001011
0001000000011000010111000111111000101000100011100010001110111001101101
1101110001001101100110110101011001010110101100100111101110000111000011
1000111111000011101111011110110100011100010100011001001111011101010001
1111100100100001000101111011111011000010100010101010011111000100100111
1111001001110111100000010101100010011110101111100000100101001101010001
1011100011001000001000011010011110001110101011100010110110101001010000
0010011001101101110111001100000100000001010011100101101010111110111010
1101110010110111001010010001111111100001010110011000001111101111101000
1110100100110001010101000101111111010101011110110110110001100001010110
1100110000100101000101111101000010010101010010001111110010000100101100
1010111111001101010001001011110011000110100100110000001011000110010011
1010001000010000001011100101001101101101011011101010110001011101100111
0101101100101110110111010001001110010000000011110110110110111111100000
0010100001110111100000010111001010101101010111110010101001110110010100
0000011011100001110011100110110010111100111011111110110101001100111101
1101001110100101010001000010000010010000111010101011110010010001010100
1011011011101010111010110101110011110001000101011011001010101010100110
0000010011110011111110000011010010011000111001001110000101101101110100
0110111100100001001110111001001011010101000100100001011011001101001110
0010010110110011010110001011100010111011110110001100010001011001111110
0100001001000100000101001011011000000011111110000000101010011111001011
1110111111110010100111111001100001000011000010111101000011010100101000
1000111001011111101001111010000110111010000001110100100010010111010000
0111101000010000101010010111110011111100011000001001111111100111000101
1000010101111100110010111001011110110111001011010100100110010010111011
1000001011111100010111111000001000001010011000000111010001000110101000
0010010100111010011111011001000101100011110111000111010100101000000110
0001000001111011000100000110111110011000100110100110100111100101001100
1100001100110100100001111000010000000001011110001011111010000001101101
1010110110101011011100010110111101100011001110110001110111110010001101
0101011010000111001110110000101010010000100110101000101011011010101111
1111000110111000100110011111000010011001011001111000111101110111011111
1110101111001010100100000001101111001000111110111001011010100010110000
0010000000000110011000110000011111000111110000100001101100011001011000
1101110101011010101101001100100110100010100001111100110101001110011101
0001000101111111011111101011100101001111110010110000101110111100111010
0001000110001010110110100011100111001111110101010011111100101010011001
0110011111001000100100101110000001010001101110110000110111100101000011
0100100011111100100110001111101100100000001100000111101000101000011111
1111111111100111100100001001010100000000011001101001100100001110110010
0011011010111010110011000110111101010011101101010100011011010000001001
1111101110101101100100110110100011000001100001100100000101001011010110
1110101001010111001000001100000111010110100110011000000111100110101010
1101100011000001010001101000111001010111101011010000101011001010100110
0011011000101111001100111111010101000101011001110000001110100100100100
0111100011101101000111110110111100111001010000101000111001110010000001
0001111110000000000111101001110101110111110110110010000011001011101111
1010100111110011110000111101101101111010101111010010001110100110010101
0000111011111000101100000100111011001111010000100000000011011100011101
1010110000010011111011101010110111101000110010011001101001111110100101
0100101111010101010110001010011110011110111101001101011011000100100000
1110011011110001111001101100001101110000110000101010100010001100011001
1101000110001101001001101000000110100010101101110100111110010011011010
1101010000111101011010010000011000000011100100011000001111001010011111
1001011011111100110001010110111011000110110000111110110000001101100100
0000111011000011010101101110000011100110001011110000101000011111110010
0001101111001011001010101111001100011000101011100010110011000110111001
0011110001001001000011100110011101011000110110001010111000101100110110
0111101011111010111101101001000111001111000010011001001000101000000111
0000001101100011001000100111100110001011000000100111001011000111100111
1001100011000001101010101011101011110011110001000011000100111111110101
0111000110011001001100000011011010101010111010011000010101110000010100
0111111000111110001110001001010110011011011111111001100101101011000100
# s^transpose
1000011100100100111001100111111101011110111011110011111011101101011001
