# n
110
# seed
0
# w
16
# H^transpose (each line corresponds to column of H, the identity part is omitted)
1101111110010010100110111011100010110100000100110110101
1011010000110000001100111110101100010010110000000000101
0000001000101000111001001011100000110100111111001010100
1111011100010001110110010101100111101000011100000000110
0110011010100100001110111100110001111010010011101010010
0111110011110101101100100000010011110101010101000100111
0000001110010111111000111001011100000001011001110001011
1100001110111111000011001101001101110010000101011001101
0110001110110001100001100110010010011101110100101100010
0000001100001011100011111100010100010001110001000111011
1001101101110111000100110110011011010101100101011010110
0100111101110000111000011100011111100001110111101111011
0100011100010100011001001111011101010001111110010010000
1000101111011111011000010100010101010011111000100100111
1111001001110111100000010101100010011110101111100000100
1010011010100011011100011001000001000011010011110001110
1010111000101101101010010100000010011001101101110111001
1000001000000010100111001011010101111101110101101110010
1101110010100100011111111000010101100110000011111011111
0100011101001001100010101010001011111110101010111101101
1011000110000101011011001100001001010001011111010000100
1010101001000111111001000010010110010101111110011010100
0100101111001100011010010011000000101100011001001110100
0100001000000101110010100110110110101101110101011000101
1101100111010110110010111011011101000100111001000000001
1110110110110111111100000001010000111011110000001011100
1010101101010111110010101001110110010100000001101110000
1110011100110110010111100111011111110110101001100111101
1101001110100101010001000010000010010000111010101011110
0100100010101001011011011101010111010110101110011110001
0001010110110010101010101001100000010011110011111110000
0110100100110001110010011100001011011011101000110111100
1000010011101110010010110101010001001000010110110011010
0111000100101101100110101100010111000101110111101100011
0001000101100111111001000010010001000001010010110110000
0001111111000000010101001111100101111101111111100101001
1111100110000100001100001011110100001101010010100010001
1100101111110100111101000011011101000000111010010001001
0111010000011110100001000010101001011111001111110001100
0001001111111100111000101100001010111110011001011100101
1110110111001011010100100110010010111011100000101111110
0010111111000001000001010011000000111010001000110101000
0010010100111010011111011001000101100011110111000111010
1001010000001100001000001111011000100000110111110011000
1001101001101001111001010011001100001100110100100001111
0000100000000010111100010111110100000011011011010110110
1010110111000101101111011000110011101100011101111100100
0110101010110100001110011101100001010100100001001101010
0010101101101010111111110001101110001001100111110000100
1100101100111100011110111011101111111101011110010101001
0000000110111100100011111011100101101010001011000000100
0000000011001100011000001111100011111000010000110110001
1001011000110111010101101010110100110010011010001010000
1111100110101001110011101000100010111111101111110101110
0101001111110010110000101110111100111010000100011000101
# s^transpose
0110110100011100111001111110101010011111100101010011001
