# n
130
# seed
0
# w
18
# H^transpose (each line corresponds to column of H, the identity part is omitted)
11011111100100101001101110111000101101000001001101101011011010000
11000000110011111010110001001011000000000010100000010001010001110
01001011100000110100111111001010100111101110001000111011001010110
01111010000111000000001100110011010100100001110111100110001111010
01001110101001001111100111101011011001000000100111101010101010001
00111000000111001011111100011100101110000000101100111000101111000
01110111111000011001101001101110010000101011001101011000111011000
11000011001100100100111011101001011000100000001100001011100011111
10001010001000111000100011101110011011011101110001001101100110110
10101100101011010110010011110111000011100001110001111110000111011
11011110110100011100010100011001001111011101010001111110010010000
10001011110111110110000101000101010100111110001001001111111001001
11011110000001010110001001111010111110000010010100110101000110111
00011001000001000011010011110001110101011100010110110101001010000
00100110011011011101110011000001000000010100111001011010101111101
11010110111001011011100101001000111111110000101011001100000111110
11111010001110100100110001010101000101111111010101011110110110110
00110000101011011001100001001010001011111010000100101010100100011
11110010000100101100101011111100110101000100101111001100011010010
01100000010110001100100111010001000010000001011100101001101101101
01101110101011000101110110011101011011001011101101110100010011100
10000000011110110110110111111100000001010000111011110000001011100
10101011010101111100101010011101100101000000011011100001110011100
11011001011110011101111111011010100110011110111010011101001010100
01000010000010010000111010101011110010010001010100101101101110101
01110101101011100111100010001010110110010101010101001100000010011
11001111111000001101001001100011100100111000010110110111010001101
11100100001001110111001001011010101000100100001011011001101001110
00100101101100110101100010111000101110111101100011000100010110011
11110010000100100010000010100101101100000001111111000000010101001
11110010111110111111110010100111111001100001000011000010111101000
01101010010100010001110010111111010011110100001101110100000011101
00100010010111010000011110100001000010101001011111001111110001100
00010011111111001110001011000010101111100110010111001011110110111
00101101010010011001001011101110000010111111000101111110000010000
01010011000000111010001000110101000001001010011101001111101100100
01011000111101110001110101001010000001100001000001111011000100000
11011111001100010011010011010011110010100110011000011001101001000
01111000010000000001011110001011111010000001101101101011011010101
10111000101101111011000110011101100011101111100100011010101011010
00011100111011000010101001000010011010100010101101101010111111110
00110111000100110011111000010011001011001111000111101110111011111
11101011110010101001000000011011110010001111101110010110101000101
10000001000000000011001100011000001111100011111000010000110110001
10010110001101110101011010101101001100100110100010100001111100110
10100111001110100010001011111110111111010111001010011111100101100
00101110111100111010000100011000101011011010001110011100111111010
10100111111001010100110010110011111001000100100101110000001010001
10111011000011011110010100001101001000111111001001100011111011001
00000001100000111101000101000011111111111111110011110010000100101
01000000000110011010011001000011101100100011011010111010110011000
11011110101001110110101010001101101000000100111111011101011011001
00110110100011000001100001100100000101001011010110111010100101011
10010000011000001110101101001100110000001111001101010101101100011
00000101000110100011100101011110101101000010101100101010011000110
11000101111001100111111010101000101011001110000001110100100100100
01111000111011010001111101101111001110010100001010001110011100100
00001000111111000000000011110100111010111011111011011001000001100
10111011111010100111110011110000111101101101111010101111010010001
11010011001010100001110111110001011000001001110110011110100001000
00000011011100011101101011000001001111101110101011011110100011001
00110011010011111101001010100101111010101010110001010011110011110
11110100110101101100010010000011100110111100011110011011000011011
10000110000101010100010001100011001110100011000110100100110100000
01101000101011011101001111100100110110101101010000111101011010010
# s^transpose
00001100000001110010001100000111100101001111110010110111111001100
