# n
120
# seed
0
# w
17
# H^transpose (each line corresponds to column of H, the identity part is omitted)
110111111001001010011011101110001011010000010011011010110110
100001100000011001111101011000100101100000000001010000001000
101000111001001011100000110100111111001010100111101110001000
111011001010110011110100001110000000011001100110101001000011
101111001100011110100100111010100100111110011110101101100100
000010011110101010101000100111000000111001011111100011100101
110000000101100111000101111000011101111110000110011010011011
100100001010110011010110001110110001100001100110010010011101
110100101100010000000110000101110001111110001010001000111000
100011101110011011011101110001001101100110110101011001010110
101100100111101110000111000011100011111100001110111101111011
010001110001010001100100111101110101000111111001001000010001
011110111110110000101000101010100111110001001001111111001001
110111100000010101100010011110101111100000100101001101010001
101110001100100000100001101001111000111010101110001011011010
100101000000100110011011011101110011000001000000010100111001
011010101111101110101101110010110111001010010001111111100001
010110011000001111101111101000111010010011000101010100010111
111101010101111011011011000110000101011011001100001001010001
011111010000100101010100100011111100100001001011001010111111
001101010001001011110011000110100100110000001011000110010011
101000100001000000101110010100110110110101101110101011000101
110110011101011011001011101101110100010011100100000000111101
101101101111111000000010100001110111100000010111001010101101
010111110010101001110110010100000001101110000111001110011011
001011110011101111111011010100110011110111010011101001010100
010000100000100100001110101010111100100100010101001011011011
101010111010110101110011110001000101011011001010101010100110
000001001111001111111000001101001001100011100100111000010110
110111010001101111001000010011101110010010110101010001001000
010110110011010011100010010110110011010110001011100010111011
110110001100010001011001111110010000100100010000010100101101
100000001111111000000010101001111100101111101111111100101001
111110011000010000110000101111010000110101001010001000111001
011111101001111010000110111010000001110100100010010111010000
011110100001000010101001011111001111110001100000100111111110
011100010110000101011111001100101110010111101101110010110101
001001100100101110111000001011111100010111111000001000001010
011000000111010001000110101000001001010011101001111101100100
010110001111011100011101010010100000011000010000011110110001
000001101111100110001001101001101001111001010011001100001100
110100100001111000010000000001011110001011111010000001101101
101011011010101101110001011011110110001100111011000111011111
001000110101010110100001110011101100001010100100001001101010
001010110110101011111111000110111000100110011111000010011001
011001111000111101110111011111111010111100101010010000000110
111100100011111011100101101010001011000000100000000001100110
001100000111110001111100001000011011000110010110001101110101
011010101101001100100110100010100001111100110101001110011101
000100010111111101111110101110010100111111001011000010111011
110011101000010001100010101101101000111001110011111101010100
111111001010100110010110011111001000100100101110000001010001
101110110000110111100101000011010010001111110010011000111110
110010000000110000011110100010100001111111111111111001111001
000010010101000000000110011010011001000011101100100011011010
111010110011000110111101010011101101010100011011010000001001
111110111010110110010011011010001100000110000110010000010100
101101011011101010010101110010000011000001110101101001100110
000001111001101010101101100011000001010001101000111001010111
101011010000101011001010100110001101100010111100110011111101
# s^transpose
010100010101100111000000111010010010010001111000111011010001
